0.	0.	5.7657227999942725e-11
0.1	9.776115674394364e-9	9.164750560807847e-6
0.2	8.71536285166201e-8	-0.00001380303169195581
0.30000000000000004	-1.0908133957207971e-7	-0.00020330381710195964
0.4	-2.6340368302077574e-6	-0.0007506141785949637
0.5	-0.00001313191769106108	-0.001864457167019826
0.6000000000000001	-0.000042904422376383944	-0.003737978963151188
0.7000000000000001	-0.0001108002195956562	-0.00650919507517355
0.8	-0.00024458910631670877	-0.010241475616738018
0.9	-0.00048157133721479225	-0.014905178357104656
1.	-0.0008682814063863393	-0.020376216757656433
1.1	-0.0014592637304426982	-0.026449708766741593
1.2000000000000002	-0.0023150284434242667	-0.0328583878958427
1.3	-0.0034994098771834446	-0.03930597811280203
1.4000000000000001	-0.005076640755368001	-0.04550382338637376
1.5	-0.007108493877135094	-0.05120346557523715
1.6	-0.009651814536277432	-0.056220699982753676
1.7000000000000002	-0.012756689621016214	-0.06045048795045231
1.8	-0.016465396853256747	-0.0638687295919071
1.9000000000000001	-0.020812159033083404	-0.06652359969374164
2.	-0.025823612229703384	-0.06851507630015938
2.1	-0.03151976585374488	-0.06995707776746467
2.2	-0.03791511347244467	-0.0709376792333841
2.3000000000000003	-0.045019479486057855	-0.07147761458497835
2.4000000000000004	-0.052838200368288415	-0.07150235250904638
2.5	-0.061371370953407084	-0.07083638176986944
2.6	-0.07061210844606296	-0.06922134169951016
2.7	-0.08054404568704576	-0.06637918709026067
2.8000000000000003	-0.09113847404173474	-0.062015275787094225
2.9000000000000004	-0.1023516371231825	-0.05593459599377995
3.	-0.11412262284113976	-0.048006966007225385
3.1	-0.1263721289451049	-0.03820586791687158
3.2	-0.13900219307722966	-0.026595458073019943
3.3000000000000003	-0.15189682102668425	-0.013315399844114376
3.4000000000000004	-0.16492337207036167	0.0014342186082252956
3.5	-0.1779345494439693	0.01740938286475309
3.6	-0.1907708461702435	0.03432931651138536
3.7	-0.20326330885299387	0.05189821051073183
3.8000000000000003	-0.21523650767566016	0.0698054069888653
3.9000000000000004	-0.22651163908270486	0.08772813941434734
4.	-0.23690975722767166	0.10532771180578111
4.1000000000000005	-0.24625515852733548	0.1222517767069308
4.2	-0.2543789106980983	0.13813919286319526
4.3	-0.2611224135677596	0.15265351956990694
4.4	-0.2663407661848795	0.1655052951930783
4.5	-0.26990567582600367	0.17646377584687786
4.6000000000000005	-0.2717077245369019	0.18535930637239093
4.7	-0.2716580138106785	0.1920777096049879
4.800000000000001	-0.2696894268014872	0.19649998250177017
4.9	-0.2657578917540681	0.1984614662054147
5.	-0.2598440035493206	0.19773723100889493
5.1000000000000005	-0.2519551782704564	0.1940776260489488
5.2	-0.24212823759506188	0.18720967004757158
5.300000000000001	-0.23043205294838875	0.1769086944984434
5.4	-0.21696974861288326	0.16305114506318918
5.5	-0.20187997428875268	0.14562393353137817
5.6000000000000005	-0.18533691936415403	0.12476319926538283
5.7	-0.1675489340262799	0.10074722220365125
5.800000000000001	-0.14875581388170023	0.07396344385019525
5.9	-0.12922494814631727	0.04489515480841931
6.	-0.1092466164237275	0.014054290323294295
6.1000000000000005	-0.08912873972736415	-0.01799355668535352
6.2	-0.0691913345222794	-0.05068228864513602
6.300000000000001	-0.04976080447900343	-0.08342597809946188
6.4	-0.03116407120590946	-0.11561243867046386
6.5	-0.013722484355691435	-0.14661496568488477
6.6000000000000005	0.0022544694678771006	-0.17579538494203503
6.7	0.016475493145517273	-0.20254771482423894
6.800000000000001	0.028673494132174474	-0.226340077187624
6.9	0.038610905755459564	-0.24673114653477216
7.	0.046084051257301833	-0.263395832201438
7.1000000000000005	0.05092653252578626	-0.27606055546790587
7.2	0.05301187551134746	-0.28451902447144706
7.300000000000001	0.052255800727110766	-0.28852601970270925
7.4	0.048618454912378026	-0.2878577927046915
7.5	0.042106734157489306	-0.2822685877667024
7.6000000000000005	0.03277656878805456	-0.2715916804642511
7.7	0.020734794302721037	-0.2557172022351639
7.800000000000001	0.006140128219126765	-0.23468011987261547
7.9	-0.010797182662491384	-0.20866750293074476
8.	-0.02981733306917827	-0.17806488395783346
8.1	-0.05061461090865989	-0.14336760278232272
8.200000000000001	-0.07284261752601312	-0.10523853907617244
8.3	-0.09612078228053712	-0.06444239555354965
8.4	-0.1200418292401388	-0.021782093615555668
8.5	-0.14417985347646844	0.02190008665083953
8.6	-0.16809874303579986	0.06574355144096358
8.700000000000001	-0.1913607826788872	0.10887863481677819
8.8	-0.21353534465966975	0.15044217077056254
8.9	-0.23420753400764774	0.18958193656519728
9.	-0.252986561046337	0.225529040171148
9.1	-0.26951350667494706	0.2576046460100691
9.200000000000001	-0.28346814148962535	0.2852277870683547
9.3	-0.2945745821244409	0.30795934947238424
9.4	-0.3026057933488796	0.3254456320183771
9.5	-0.30738714965992586	0.3373969814226873
9.600000000000001	-0.3087993791053223	0.343545486726696
9.700000000000001	-0.30678117446030434	0.3436589658977827
9.8	-0.30133157324413173	0.3375331581681547
9.9	-0.29251196636736987	0.32503353243546484
10.	-0.2804473876481377	0.3061439075071941
10.100000000000001	-0.2653266390812679	0.28100620599822146
10.200000000000001	-0.247400847175895	0.2499320962767453
10.3	-0.22698020128365798	0.21347023256949957
10.4	-0.20442882154267095	0.17227448765575376
10.5	-0.18015790857215574	0.12720157794249987
10.600000000000001	-0.15461745622876363	0.07917145013862228
10.700000000000001	-0.12828690171988338	0.029202267473528064
10.8	-0.10166507927448737	-0.021667859844870064
10.9	-0.07525980536384529	-0.07238219847558602
11.	-0.04957735775095191	-0.12190461135562985
11.100000000000001	-0.025112074993918647	-0.16921247281444984
11.200000000000001	-0.002336319674470645	-0.21338628011254862
11.3	0.01830890042909847	-0.25357360928764755
11.4	0.036422353887652636	-0.28903864578556454
11.5	0.05164981570215838	-0.31920004895672105
11.600000000000001	0.06369002982808201	-0.34358509914395846
11.700000000000001	0.07229951312496877	-0.36180951265032185
11.8	0.07729643640829743	-0.3735166349406275
11.9	0.07856385425985493	-0.3784657232148352
12.	0.07605244818416732	-0.3764211917113437
12.100000000000001	0.06978276425978128	-0.36723510669437376
12.200000000000001	0.05984671953767119	-0.35085521383626933
12.3	0.04640799702275259	-0.32739680165941165
12.4	0.029700939706367415	-0.2971519107063327
12.5	0.010027615374852134	-0.26059837698651217
12.600000000000001	-0.012247081435164592	-0.21844140858525674
12.700000000000001	-0.03670224812419188	-0.1715223073598177
12.8	-0.06286949126259989	-0.12082908733340542
12.9	-0.09024280866224622	-0.06746130352033693
13.	-0.11828945145198717	-0.012557804267812634
13.100000000000001	-0.14646136907317417	0.042708091604033674
13.200000000000001	-0.17420688330575368	0.09717242095690073
13.3	-0.2009822664020423	0.1497200692709944
13.4	-0.22626292962056727	0.19929664947933623
13.5	-0.24955391660546086	0.24494365708722585
13.600000000000001	-0.2703994240661252	0.2858436008784566
13.700000000000001	-0.2883911249361531	0.3212619453295828
13.8	-0.30317520015430316	0.35065612414013875
13.9	-0.3144581252042022	0.3735271721625724
14.	-0.32201139286769737	0.3895197074173682
14.100000000000001	-0.3256753751982274	0.3983048238742516
14.200000000000001	-0.32536250935634214	0.3996329471631936
14.3	-0.3210598175840142	0.39328708805757734
14.4	-0.312830615505499	0.3792580420003202
14.5	-0.3008151020678086	0.3576155158472935
14.600000000000001	-0.2852294793741341	0.328625869656105
14.700000000000001	-0.26636327801590387	0.2927519164292115
14.8	-0.24457470619480787	0.25065711349951575
14.9	-0.22028401281151996	0.203189481054805
15.	-0.19396502325307352	0.15135884079268414
15.100000000000001	-0.16613513428671886	0.09628193528665668
15.200000000000001	-0.13734414557864982	0.03915005984200554
15.3	-0.10816232591083162	-0.01879685335779342
15.4	-0.07916811516604083	-0.07632745349360516
15.5	-0.05093583209905551	-0.1322420652162934
15.600000000000001	-0.024023734086447063	-0.1854236391669896
15.700000000000001	0.001037249640982209	-0.23484191573056723
15.8	0.023753830860558076	-0.2795432649990971
15.9	0.043679503865614325	-0.3187930098885076
16.	0.060422398139431864	-0.35189400397187154
16.1	0.07365186854620943	-0.37832869724383716
16.2	0.08310393008235581	-0.397655036411643
16.3	0.08858571482052977	-0.409493025414477
16.400000000000002	0.08997908918773563	-0.413560442098146
16.5	0.0872434637784138	-0.4096770630279222
16.6	0.08041768940730606	-0.39778695034802447
16.7	0.06962079369705987	-0.37790161364339414
16.8	0.05505126107865023	-0.35032607559014717
16.900000000000002	0.036984554398424685	-0.31546834584685224
17.	0.015768695671360453	-0.27397082325292493
17.1	-0.008182137439546988	-0.22668829923594785
17.2	-0.03439589419896749	-0.1746070789232744
17.3	-0.0623525471235885	-0.11881276936956402
17.400000000000002	-0.09149527659766901	-0.06055590880958836
17.5	-0.12124254675012369	-0.001081041680039589
17.6	-0.15100067415839086	0.058338371078263146
17.7	-0.18017649564912577	0.11646323977107398
17.8	-0.2081897696879837	0.1721048893391116
17.900000000000002	-0.23448497300647894	0.2241783533114627
18.	-0.25854219864398914	0.27169575880078345
18.1	-0.27988694223564475	0.3138206277575417
18.2	-0.29809863181209245	0.34980044945658795
18.3	-0.3128179060084687	0.37907447976198455
18.400000000000002	-0.3237526547614452	0.4010708052598416
18.5	-0.3306830772753759	0.41544950631541894
18.6	-0.3334656505709522	0.4218656632106852
18.7	-0.33203628191439616	0.4201394224617712
18.8	-0.32641235314537914	0.4101614601421721
18.900000000000002	-0.31669359252799334	0.39202771324703944
19.	-0.3030614692419986	0.36586245884207835
19.1	-0.28577687346843766	0.3322078926200901
19.200000000000003	-0.2651758954920365	0.29164478837746916
19.3	-0.24166366031786018	0.24495122923831827
19.400000000000002	-0.21570629767844468	0.19311602758197635
19.5	-0.18782126134882798	0.13722630643352432
19.6	-0.15856629888528004	0.0785222197107524
19.700000000000003	-0.12852743651204926	0.0182439555577652
19.8	-0.09830637130674423	-0.04231773713573393
19.900000000000002	-0.06850764816634007	-0.10189012160473244
20.	-0.03972600429605986	-0.15926317792603728
20.1	-0.012534222889378013	-0.21329710650491376
20.200000000000003	0.01252820683601597	-0.2629636588349002
20.3	0.034965390513542936	-0.30735426680336186
20.400000000000002	0.05433413890086454	-0.34566415943707074
20.5	0.07025183685015692	-0.37726395371484917
20.6	0.0824030954590213	-0.40156251868527304
20.700000000000003	0.09054525829300993	-0.41813479906455736
20.8	0.09451284938365083	-0.4266338477820037
20.900000000000002	0.09422095128086953	-0.42686511169554103
21.	0.08966746912245523	-0.41868996389572694
21.1	0.08093411968627692	-0.4021656674620359
21.200000000000003	0.06818593144253154	-0.37751427422719197
21.3	0.05166905169680109	-0.3451323898832567
21.400000000000002	0.0317067102785326	-0.30563350762266134
21.5	0.008693283342235746	-0.2597821805070108
21.6	-0.016913470003202865	-0.2085188988686031
21.700000000000003	-0.044601816227483805	-0.15293078624288575
21.8	-0.07381683986804526	-0.09420143627773447
21.900000000000002	-0.10397227845823231	-0.03358156565075079
22.	-0.13446303960719214	0.027634483325728383
22.1	-0.1646780270098601	0.08817970583853849
22.200000000000003	-0.1940129085234746	0.146789953708995
22.3	-0.2218824891602468	0.2023158115295902
22.400000000000002	-0.24773237712607007	0.25369423895087323
22.5	-0.2710497058946845	0.2999235349590702
22.6	-0.2913727403903696	0.34021251797110513
22.700000000000003	-0.3082992785311013	0.3738166550206123
22.8	-0.32149383631759776	0.40012690990354843
22.900000000000002	-0.33069364020608294	0.41859982272444285
23.	-0.3357134712000173	0.4290945334603411
23.1	-0.336449307739902	0.4311433408954497
23.200000000000003	-0.3328808616953139	0.42467118411591126
23.3	-0.3250726518414182	0.4097632471729858
23.400000000000002	-0.31317363019253824	0.3865968997286995
23.5	-0.29741511696728673	0.3555538964013412
23.6	-0.27810693681000453	0.31723701044502556
23.700000000000003	-0.255631700427319	0.27237076467058113
23.8	-0.23043731490881725	0.22189630718505565
23.900000000000002	-0.20302785227495432	0.16681368875300973
24.	-0.17395304347794352	0.10833982825092865
24.1	-0.1437966771608495	0.04767951707319575
24.200000000000003	-0.1131642540391484	-0.013872903526932334
24.3	-0.0826702424987664	-0.07504114626279614
24.400000000000002	-0.05292528695281846	-0.1345717813621587
24.5	-0.02452370848450594	-0.19127197076426594
24.6	0.0019684057036895722	-0.24403494019728908
24.700000000000003	0.02602426526698346	-0.2918723174753846
24.8	0.04716640888813923	-0.33384685700236577
24.900000000000002	0.06497558038505981	-0.3692328232083811
25.	0.07909839841117623	-0.397379266193532
25.1	0.0892538059156237	-0.4177664546257816
25.200000000000003	0.09523829855663855	-0.4299882156938995
25.3	0.09692991509925901	-0.4337739923449543
25.400000000000002	0.09429092837986659	-0.42898871147796236
25.5	0.08736913768085025	-0.41561602097709477
25.6	0.07629760034263816	-0.39401414769715337
25.700000000000003	0.061292710503883095	-0.3643410035580109
25.8	0.042650525993297154	-0.3272709128642797
25.900000000000002	0.020741245279661504	-0.28348352595723947
26.	-0.003998018611366221	-0.23387387062150677
26.1	-0.0310720742116037	-0.17948693655008854
26.200000000000003	-0.05993787828866638	-0.12142241156440688
26.3	-0.09001586961972328	-0.06092265272693477
26.400000000000002	-0.12070211225276029	0.0007532829812089889
26.5	-0.15138090183639957	0.062329638956984165
26.6	-0.1814375246839845	0.12254918076833014
26.700000000000003	-0.21027082420253168	0.18019650244928084
26.8	-0.23730528303908185	0.23413051719336617
26.900000000000002	-0.26200236451480924	0.28332206744168964
27.	-0.28387090600588505	0.3268390090479943
27.1	-0.30247641438547906	0.3638698135406099
27.200000000000003	-0.3174491801104976	0.39372536816493936
27.3	-0.3284911554428267	0.41584361510886664
27.400000000000002	-0.33538156569390026	0.42977669235954713
27.5	-0.3379812153361509	0.43525391178370415
27.6	-0.33623542767398923	0.43212163086990607
27.700000000000003	-0.3301755221688511	0.4203888012542653
27.8	-0.319918722066365	0.4002127375288761
27.900000000000002	-0.3056663895327585	0.37198178394335735
28.	-0.28770050841227013	0.3362160100339615
28.1	-0.2663784102901256	0.29355221669366066
28.200000000000003	-0.24212579115430682	0.2449197578326543
28.3	-0.2154281499959745	0.19129376510193388
28.400000000000002	-0.18682085193744183	0.13377041139225665
28.5	-0.15687806596432055	0.073593149284535
28.6	-0.12620082329224186	0.011916095414126061
28.700000000000003	-0.09540458181640825	-0.04991437986943232
28.8	-0.06510655253469169	-0.11064491496781619
28.900000000000002	-0.035913098908672135	-0.16907692161858845
29.	-0.008407512813226338	-0.22402642690656208
29.1	0.016861529507899757	-0.2744502358332229
29.200000000000003	0.03939066939265473	-0.31934090508388363
29.3	0.058731540054618114	-0.3579042812355043
29.400000000000002	0.074499270175399	-0.3893669511979419
29.5	0.08637977218669324	-0.4131243851089701
29.6	0.09413571851503853	-0.42877403040535694
29.700000000000003	0.0976111743127838	-0.43592135421554684
29.8	0.09673480373245998	-0.43441963355749846
29.900000000000002	0.09152156492677983	-0.4242631905915299
30.	0.08207281232271067	-0.4056130927036104
30.1	0.06857471300501829	-0.3788014836079562
30.200000000000003	0.051294929998186516	-0.3443485658308827
30.3	0.030577568880266442	-0.3029070071060509
30.400000000000002	0.006836442466849663	-0.2552742237005398
30.5	-0.019453203411006665	-0.2024863637185684
30.6	-0.04776436365452566	-0.14560439706130066
30.700000000000003	-0.07752909355503526	-0.0857765547581566
30.8	-0.10815018728520798	-0.024255267866612796
30.900000000000002	-0.1390134760029966	0.03770306839597143
31.	-0.1695004134645947	0.0988428874816359
31.1	-0.1990006605814721	0.15791872961186035
31.200000000000003	-0.22692438278582464	0.21377677663511674
31.3	-0.2527139888202875	0.2652918173871999
31.400000000000002	-0.2758550923935846	0.3114862485317305
31.5	-0.29588650359629615	0.35146501719433443
31.6	-0.312409100741515	0.3844632665030167
31.700000000000003	-0.32509347496329577	0.409814970769564
31.8	-0.33368629580619014	0.42708945299024326
31.900000000000002	-0.33801524375391656	0.4358952594856758
32.	-0.33799250688319366	0.4360223721737721
32.1	-0.3336167239317414	0.42747121560214657
32.2	-0.32497330190262697	0.4103860026406172
32.300000000000004	-0.31223304484973213	0.38501730952246555
32.4	-0.2956490533196654	0.3519036200497635
32.5	-0.27555194234174857	0.31160054018732436
32.6	-0.25234321148576894	0.26515109004859194
32.7	-0.22648743276316619	0.2132541803805471
32.800000000000004	-0.1985027272020031	0.15703329517831588
32.9	-0.1689502428321585	0.09767438941784137
33.	-0.1384226379309771	0.03636150047719017
33.1	-0.10753200152823393	-0.025645201521859257
33.2	-0.0768973510836768	-0.08708959447791437
33.300000000000004	-0.047132074437309275	-0.14672422678425126
33.4	-0.018831576531046227	-0.2033789642965272
33.5	0.00743860659849299	-0.2559103840329399
33.6	0.03115399036093847	-0.3033208427922549
33.7	0.05184143220280899	-0.3447048774982766
33.800000000000004	0.06908824180361314	-0.3790892257282489
33.9	0.08255033161768119	-0.40604266600843353
34.	0.09195878398580944	-0.4249424069937722
34.1	0.09712517524212176	-0.43533061842406234
34.2	0.0979453491032756	-0.4371122925155426
34.300000000000004	0.0944016257555456	-0.430160763373972
34.4	0.08656336814813201	-0.4146251627318926
34.5	0.07458584405491987	-0.3907474165271263
34.6	0.05870736079829212	-0.3590127542509986
34.7	0.03924469059662149	-0.3200489600826481
34.800000000000004	0.01658684079811585	-0.2746261080787939
34.9	-0.00881270602119607	-0.2236597698818625
35.	-0.0364451342281329	-0.16819482939678068
35.1	-0.06575660909159109	-0.10933460002989086
35.2	-0.09615954676233213	-0.048285745903756894
35.300000000000004	-0.12704456840569706	0.013697339580540441
35.4	-0.15779288015233572	0.07536792956694215
35.5	-0.18778879498330664	0.13548606486663423
35.6	-0.216432125476323	0.19285937936989236
35.7	-0.24315019813764824	0.24632212459508346
35.800000000000004	-0.2674091681424927	0.29486743948841987
35.9	-0.2887246259487534	0.33748298491765627
36.	-0.30667101632775984	0.37336138445273254
36.1	-0.32089000982304255	0.4018196671737886
36.2	-0.3310974966231687	0.4222823226924983
36.300000000000004	-0.33708917656172477	0.43434083975131105
36.4	-0.3387446516682645	0.43774617878747024
36.5	-0.3360299198958977	0.432415241919262
36.6	-0.3289982026539259	0.4184361287919088
36.7	-0.31778906454924716	0.396070333952341
36.800000000000004	-0.3026258010315732	0.36574883313186973
36.9	-0.2838111181975659	0.32808826100328714
37.	-0.2617211674641563	0.2838073087347559
37.1	-0.2367980384377117	0.23377809405604916
37.2	-0.20954088150727057	0.179113049102534
37.300000000000004	-0.1804958103887328	0.1207951960504706
37.4	-0.15024485458660997	0.06007320824721883
37.5	-0.11939415668269923	-0.0018297738620652437
37.6	-0.08856170439525037	-0.06366784365117785
37.7	-0.05836485435693311	-0.12419942074151726
37.800000000000004	-0.029407914399207237	-0.18221441770200345
37.9	-0.002270051719842507	-0.23655832853441838
38.	0.02250623727318335	-0.28612911314355666
38.1	0.044425873690812134	-0.3300006288958289
38.2	0.06305095626614807	-0.3672843772933266
38.300000000000004	0.07800937759309089	-0.39723479498136305
38.400000000000006	0.08900214778580201	-0.41928189836110824
38.5	0.0958093074751275	-0.43292574692027846
38.6	0.09829432017496546	-0.43796453711658706
38.7	0.09640685778505448	-0.4342750134899681
38.800000000000004	0.09018391360252932	-0.42188612466104997
38.900000000000006	0.07974919378707888	-0.4010457956863357
39.	0.06531077560147941	-0.37214716026723804
39.1	0.04715705463405394	-0.33578818825962825
39.2	0.025651043341060803	-0.2926693098240992
39.300000000000004	0.001223130855770217	-0.24372174372840041
39.400000000000006	-0.025637537983292664	-0.1897905551193387
39.5	-0.054392940691097506	-0.13208456788451362
39.6	-0.08446703495641966	-0.07174298849074531
39.7	-0.11525738304378463	-0.00997398262664594
39.800000000000004	-0.1461473177050046	0.051975588568138595
39.900000000000006	-0.17651836722172087	0.11286935060402578
40.	-0.20576268166662565	0.17147447883735817
40.1	-0.2332952049913038	0.22661259322590235
40.2	-0.25856534384760277	0.27721982468979467
40.300000000000004	-0.2810679074431297	0.32227907663974786
40.400000000000006	-0.3003531144267073	0.36085583659942766
40.5	-0.316035497862351	0.3923246051986766
40.6	-0.3278014854461744	0.4158469562363202
40.7	-0.33541565715510013	0.43119814364809406
40.800000000000004	-0.33872544721795855	0.43780376712001917
40.900000000000006	-0.3376642164393507	0.43573785972338197
41.	-0.3322526551191377	0.42495601311652126
41.1	-0.32259847383207113	0.40565567663318164
41.2	-0.3088943407065993	0.37825009717676583
41.300000000000004	-0.291414107583509	0.3432145055456424
41.400000000000006	-0.27050738813483777	0.3013268060391883
41.5	-0.2465925789251774	0.2533489752212149
41.6	-0.220148468513218	0.20032470432552674
41.7	-0.191704606191122	0.14323178229873051
41.800000000000004	-0.16183067932307416	0.08329884361702236
41.900000000000006	-0.13112501218897285	0.021727630216634656
42.	-0.1002024495537615	-0.04028476999675453
42.1	-0.0696820794695746	-0.10147682202399012
42.2	-0.04017476366162213	-0.16062746792972632
42.300000000000004	-0.012270913798032686	-0.216510626530221
42.400000000000006	0.01347130520783215	-0.26809728837150315
42.5	0.03653708473175377	-0.31429337681917
42.6	0.05646520847587544	-0.35420437512139485
42.7	0.07285719923918517	-0.3870414621049423
42.800000000000004	0.08538522816761591	-0.4121453477874816
42.900000000000006	0.09379862368124722	-0.42898770725001645
43.	0.09792889600956667	-0.43734708654158344
43.1	0.09769310382913611	-0.4369187356838803
43.2	0.09309559050456227	-0.42771422021383615
43.300000000000004	0.0842279504709518	-0.40998614768438546
43.400000000000006	0.07126726693588822	-0.3840456163422052
43.5	0.054472631163018724	-0.35040683073220485
43.6	0.03417999763035464	-0.3097140763905998
43.7	0.01079547528270724	-0.26281336412274675
43.800000000000004	-0.015212803550079503	-0.2106475272632681
43.900000000000006	-0.043324085204741916	-0.15426616689299777
44.	-0.07297545492809045	-0.09479608822015273
44.1	-0.10357319182143686	-0.03343323143306254
44.2	-0.1345046659800235	0.02859052253026085
44.300000000000004	-0.1651506419158337	0.09004034196739208
44.400000000000006	-0.19489773237737146	0.1496600407567328
44.5	-0.22315067910474093	0.2062950794625369
44.6	-0.24934422194962433	0.2587382417176126
44.7	-0.2729544081921855	0.3060472511943431
44.800000000000004	-0.29350899724200635	0.3472625530859476
44.900000000000006	-0.31059687183584556	0.38148177834421937
45.	-0.3238762139019031	0.40814288667560855
45.1	-0.3330813078445135	0.42656826916530644
45.2	-0.3380278541746953	0.4364916609216567
45.300000000000004	-0.33861666922730044	0.4376981692428919
45.400000000000006	-0.3348357058286784	0.43014791922324364
45.5	-0.3267603421833866	0.4139869940476289
45.6	-0.3145519228888701	0.3895580316511704
45.7	-0.29845457162716077	0.3572784588986591
45.800000000000004	-0.2787903392242208	0.31790661907764517
45.900000000000006	-0.2559527647600295	0.2720776713853003
46.	-0.23039900118957282	0.220812688586973
46.1	-0.20264064228281312	0.1651521999900565
46.2	-0.1732334476381405	0.10619066953262882
46.300000000000004	-0.1427661889036488	0.04508421152135251
46.400000000000006	-0.11184882339347538	-0.016907817448192475
46.5	-0.08110025297263351	-0.07855339797348547
46.6	-0.05113591669092301	-0.13862122592331044
46.7	-0.022555466590460045	-0.19591851310802924
46.800000000000004	0.004069223794788634	-0.24926384945707492
46.900000000000006	0.028205474600504744	-0.2976247038274743
47.	0.04937043543238197	-0.3400695428669146
47.1	0.06714069965268991	-0.3756238791402775
47.2	0.08116072843226349	-0.4037935453855377
47.300000000000004	0.09114996229216513	-0.42375423076870006
47.400000000000006	0.09690844669596592	-0.43534192874686817
47.5	0.0983208005069091	-0.43817092688714343
47.6	0.0953585783068636	-0.43229721468607457
47.7	0.08808085982871525	-0.4177023890250055
47.800000000000004	0.07663311090776333	-0.3947820998889709
47.900000000000006	0.06124429692629771	-0.36391684725421874
48.	0.04222232613263072	-0.3257899896980851
48.1	0.0199478924074843	-0.28112798606902817
48.2	-0.005133141524217983	-0.23082619083685574
48.300000000000004	-0.03251867738592266	-0.17590503482127529
48.400000000000006	-0.06166052366290977	-0.11748492912410552
48.5	-0.09197523472039368	-0.05669209089032165
48.6	-0.12285595084096815	0.0052209031423122165
48.7	-0.1536845478390867	0.06702727894825827
48.800000000000004	-0.18384398764878274	0.1274919426945463
48.900000000000006	-0.21273069088612945	0.18540189608369487
49.	-0.2397666069835245	0.2395673836281052
49.1	-0.2644107685873533	0.28896877629456263
49.2	-0.28617008881592254	0.3325667596702499
49.300000000000004	-0.30460920456327384	0.3695325408217459
49.400000000000006	-0.3193591634348297	0.3990906389812618
49.5	-0.33012480449479187	0.42083499696957005
49.6	-0.33669065548451743	0.4340153205931395
49.7	-0.3389251494804769	0.4383832435960157
49.800000000000004	-0.3367834499478041	0.43406959901380704
49.900000000000006	-0.330308299748141	0.421034759840395
50.	-0.3196291793652702	0.3996649339758215
50.1	-0.304959695906987	0.3703547546509768
50.2	-0.2865933915870744	0.3334454804902669
50.300000000000004	-0.26489785339872673	0.2899678832724692
50.400000000000006	-0.24030733974754145	0.24072767715753174
50.5	-0.21331408793335022	0.18656312658322524
50.6	-0.18445845137047062	0.12869967176477579
50.7	-0.15431805888722633	0.06826216990954768
50.800000000000004	-0.12349623940315776	0.006459311111052756
50.900000000000006	-0.09260992885087604	-0.05545948992942971
51.	-0.062277312422345896	-0.11626404025212808
51.1	-0.03310544917379018	-0.17473839296049143
51.2	-0.005678126174254895	-0.22971796562845234
51.300000000000004	0.019455811026603344	-0.280109173542596
51.400000000000006	0.04179342593520562	-0.32486452243004404
51.5	0.060887739718925554	-0.36314991570232014
51.6	0.07635667025892318	-0.39419863469533284
51.7	0.08789064279169186	-0.41730542667779347
51.800000000000004	0.09525875032000745	-0.43207640290905336
51.900000000000006	0.09831348794400609	-0.4381693696023966
52.	0.09699363347107508	-0.4355328725980857
52.1	0.09132550454297098	-0.42418267576292157
52.2	0.08142245237565607	-0.40433712843151676
52.300000000000004	0.06748261057451906	-0.3764279544274171
52.400000000000006	0.04978493529798286	-0.340923220806563
52.5	0.028683631823315316	-0.29863718075420986
52.6	0.0046010574684029765	-0.2503333717370108
52.7	-0.0219807350449299	-0.19704846774066517
52.800000000000004	-0.05052966015265775	-0.1398081599324476
52.900000000000006	-0.08047425635845278	-0.07976554793370408
53.	-0.11121513933654054	-0.018128775330937343
53.1	-0.14213701012037863	0.043861159311525684
53.2	-0.17262097873112134	0.1049778445433367
53.300000000000004	-0.20205694768716692	0.1639839451664277
53.400000000000006	-0.2298558223459329	0.21970047343084367
53.5	-0.25546129240673093	0.27102053611402416
53.6	-0.27836095309490644	0.31693103168137665
53.7	-0.29809654582950196	0.3565135412096945
53.800000000000004	-0.3142731176754405	0.38892651731780914
53.900000000000006	-0.3265669196669681	0.4135621071360791
54.	-0.33473188429149536	0.42994283301062053
54.1	-0.33860455040672216	0.4377213841509278
54.2	-0.3381073463040508	0.43672091716693995
54.300000000000004	-0.33325015476558795	0.4270459672569213
54.400000000000006	-0.32413012548350306	0.40870322150102967
54.5	-0.3109297468649456	0.3822426751306095
54.6	-0.29391318974886155	0.3481367986100421
54.7	-0.2734210305879455	0.3070621064087561
54.800000000000004	-0.24986343069748812	0.25983969621058645
54.900000000000006	-0.2237119215596135	0.20738602775169548
55.	-0.1954899598941642	0.150802913809059
55.1	-0.16576243988710895	0.09120304494506594
55.2	-0.13512438098949447	0.029779981156232916
55.300000000000004	-0.10418900875459289	-0.03223358862744396
55.400000000000006	-0.07357548275931906	-0.09361053286541539
55.5	-0.043896497512866936	-0.153103405807103
55.6	-0.01574602252158462	-0.20954799470465324
55.7	0.010312571126299451	-0.26176237097114985
55.800000000000004	0.03375778669561861	-0.3087647159316528
55.900000000000006	0.05412042647565486	-0.3496000262984893
56.	0.07099297191611327	-0.3834035569133035
56.1	0.08403773832126377	-0.4095947231944144
56.2	0.09299362754854851	-0.42751745746950576
56.300000000000004	0.09768136224666205	-0.4369220043616727
56.400000000000006	0.09800707539027148	-0.43758048362320956
56.5	0.09396419776970828	-0.4294790788368672
56.6	0.08563360256986664	-0.4128357725237965
56.7	0.07318199223404785	-0.387833139762142
56.800000000000004	0.05685857189135884	-0.35508187811693914
56.900000000000006	0.03699004295968546	-0.3153088784539563
57.	0.013974077712068876	-0.2691083253863209
57.1	-0.011728639329145593	-0.21758875329721983
57.2	-0.03960365023919676	-0.16170012154185942
57.300000000000004	-0.0690930189819824	-0.10257962523707503
57.400000000000006	-0.09960650575708267	-0.04140685843965822
57.5	-0.13053338574188406	0.020592080723014012
57.6	-0.1612546800942787	0.0822260408583413
57.7	-0.19115552586538326	0.14212375775759808
57.800000000000004	-0.219637498538513	0.19922468424165776
57.900000000000006	-0.24613058560189346	0.2523406606460591
58.	-0.2701045775490945	0.30037369056230045
58.1	-0.2910796799969513	0.34242262303985604
58.2	-0.3086361066474774	0.37765857037088724
58.300000000000004	-0.3224224783793227	0.4052598677491784
58.400000000000006	-0.332162858456142	0.4248194691499142
58.5	-0.33766227325598863	0.4358441223713171
58.6	-0.33881062431428877	0.4381620176109375
58.7	-0.3355848929506861	0.4317544801416582
58.800000000000004	-0.32804960950000456	0.4165901214118577
58.900000000000006	-0.31635557005806597	0.39310099574470625
59.	-0.30073682015354564	0.36178504923491167
59.1	-0.28150596526708677	0.3232706472051852
59.2	-0.25904790927659876	0.2782219278035965
59.300000000000004	-0.2338121634723747	0.2276345610223208
59.400000000000006	-0.20630383111616757	0.17248149569362634
59.5	-0.17707350020342208	0.11388380407513672
59.6	-0.14670621684445825	0.05300265088307023
59.7	-0.11580977472783675	-0.008936403205976799
59.800000000000004	-0.08500254605807803	-0.07069531390049695
59.900000000000006	-0.05490109715655404	-0.13101636995210353
60.	-0.026107864385672405	-0.1887603838190753
60.1	0.0008008663563349939	-0.24272119464240471
60.2	0.02528654786314275	-0.2917987534885649
60.300000000000004	0.04685915576914605	-0.3350167601703687
60.400000000000006	0.06508693894525588	-0.3715742161072167
60.5	0.07960507791696292	-0.40070889570404056
60.6	0.09012298912982533	-0.4217763010708902
60.7	0.09643014445435512	-0.43442784751465247
60.800000000000004	0.09840028502646639	-0.43838906590579163
60.900000000000006	0.09599395571703784	-0.433585922900339
61.	0.0892592978332234	-0.42008432114469535
61.1	0.07833108923906638	-0.39814642037962156
61.2	0.06342804819856566	-0.3682635197011274
61.300000000000004	0.04484845603152268	-0.3310317597532632
61.400000000000006	0.022964185121425014	-0.287127725028666
61.5	-0.0017867521253206295	-0.23752318048791934
61.6	-0.028908954307989274	-0.18313533639329013
61.7	-0.05785955733444209	-0.12512213386924814
61.800000000000004	-0.08805913129625241	-0.0645602550283711
61.900000000000006	-0.11890324135710077	-0.002725651112404018
62.	-0.14977456401878217	0.059162762206599474
62.1	-0.18005523744713448	0.11987431347756661
62.2	-0.2091392260378109	0.1781759913073015
62.300000000000004	-0.2364444483677722	0.2329170433086906
62.400000000000006	-0.26142442345416494	0.2829910911056047
62.5	-0.28357920551773674	0.327403668917321
62.6	-0.3024653856707637	0.365262423491665
62.7	-0.31770496489229383	0.3958227075028986
62.800000000000004	-0.3289929252536648	0.4184513910957808
62.900000000000006	-0.3361033218297217	0.4327284519669325
63.	-0.33889383745972274	0.4385258392290141
63.1	-0.3373085752148326	0.4351574002838401
63.2	-0.33137926982928123	0.4231644071765878
63.300000000000004	-0.32122459528349834	0.40278633694475086
63.400000000000006	-0.3070478076800411	0.3744432787500829
63.5	-0.28913262038283155	0.33858120236819206
63.6	-0.2678376077495676	0.2958232764074098
63.7	-0.24358900459867464	0.24722548587310245
63.800000000000004	-0.21687214091089094	0.193716401200872
63.900000000000006	-0.18822174953064968	0.13622649335976275
64.	-0.1582112636497654	0.07606557618849366
64.10000000000001	-0.12744132724079463	0.01438638051367691
64.2	-0.0965277793972175	-0.047587871797862745
64.3	-0.06608933044313732	-0.10860475849845216
64.4	-0.036735175532355814	-0.16745707155964032
64.5	-0.009052808705486748	-0.2229460034380147
64.60000000000001	0.016403737330904458	-0.27400982803670004
64.7	0.03912497125459935	-0.3195328085934059
64.8	0.058656144647185875	-0.3586842614156033
64.9	0.07460634966943125	-0.39067587353626176
65.	0.0866563421498733	-0.4148262284325874
65.10000000000001	0.09456493734416031	-0.430658815141314
65.2	0.09817383818684577	-0.4379610333830546
65.3	0.09741079702753486	-0.43637316212272814
65.4	0.09229107968721978	-0.4261123685327567
65.5	0.08291714936427173	-0.40733532348178314
65.60000000000001	0.06947662019737687	-0.38040769847854433
65.7	0.052238501629093756	-0.3458437109094482
65.8	0.031547810079266325	-0.30432435238954764
65.9	0.007818660873794629	-0.2567539396380889
66.	-0.018474006253794896	-0.20404635613246194
66.10000000000001	-0.0468039199170986	-0.1472969274850055
66.2	-0.07660408133665961	-0.08752765352012276
66.3	-0.10727806289451142	-0.026031784298060436
66.4	-0.13821194587726918	0.03597935593694759
66.5	-0.16878661293905822	0.09728737629628648
66.60000000000001	-0.19839013738972464	0.1566153679125125
66.7	-0.2264300332151475	0.21282754490314368
66.8	-0.25234510598049664	0.26478006326733117
66.9	-0.2756166870061811	0.3114378472868257
67.	-0.29577901031610876	0.3518653089193497
67.10000000000001	-0.3124285350558891	0.38525653728405257
67.2	-0.3252320238483757	0.41092566230880934
67.3	-0.33393324754016407	0.428434755704769
67.4	-0.33835799624081525	0.43723851461830027
67.5	-0.33841769378074193	0.437355681818716
67.60000000000001	-0.33411115975846684	0.42870664824103577
67.7	-0.32552457612621616	0.4115107352676785
67.8	-0.312829807902366	0.3860303727885949
67.9	-0.2962809405639012	0.3528349093283415
68.	-0.27620919887117923	0.3125854356859698
68.10000000000001	-0.25301633137044827	0.26614092636697184
68.2	-0.2271665139471497	0.21431574352632024
68.3	-0.19917713099468065	0.15819703367972981
68.4	-0.16960838163517275	0.0988758977256088
68.5	-0.139052068951495	0.03766343213521933
68.60000000000001	-0.10811974241678722	-0.02432842844104996
68.7	-0.0774304919771284	-0.08590141947681938
68.8	-0.0475985556717079	-0.14568051790303563
68.9	-0.019220986326342608	-0.20256376038239746
69.	0.007134262716263325	-0.2553932433233416
69.10000000000001	0.030939710138956633	-0.3031150642963402
69.2	0.051718904010328255	-0.344777406723619
69.3	0.06905595711230915	-0.37954510144281967
69.4	0.08260387190885442	-0.4067250944642776
69.5	0.09209148657667206	-0.4257213114597406
69.60000000000001	0.09732890379851561	-0.43622582542423116
69.7	0.09821129264252415	-0.4380198262230205
69.8	0.09472099235781056	-0.4310731430328888
69.9	0.08692789700629129	-0.4153808740457184
70.	0.07498788602154331	-0.3914210460686416
70.10000000000001	0.05913998858865541	-0.3596801216156415
70.2	0.039701402285806896	-0.32067868069368255
70.3	0.017061186186002553	-0.27533572151552743
70.4	-0.008327525388083137	-0.22440255107168697
70.5	-0.035956586410497884	-0.16901999071724905
70.60000000000001	-0.06527301345804672	-0.11024637481404266
70.7	-0.09569005448525114	-0.049266930955300305
70.8	-0.12659893432677813	0.012697822702453131
70.9	-0.1573810313631495	0.07440234138148193
71.	-0.1874202711138289	0.1346179145185079
71.10000000000001	-0.2161154323493907	0.19217465671165668
71.2	-0.24289219812168975	0.24593471761789554
71.3	-0.26721465408889006	0.29464348402576745
71.4	-0.2885959944912526	0.3374455171480817
71.5	-0.30660829368355647	0.37352525755983207
71.60000000000001	-0.3208910453507721	0.40224597571585546
71.7	-0.331158365196245	0.42278431525918253
71.8	-0.3372047593781232	0.4348712322204973
71.9	-0.3389092148736325	0.4384483032695867
72.	-0.3362376011350733	0.43301642195373974
72.10000000000001	-0.3292433935282226	0.4189955404643586
72.2	-0.31806657737768446	0.3965367483010483
72.3	-0.3029308575257675	0.36622319077833915
72.4	-0.28413916768371544	0.3285143186824522
72.5	-0.26206762232239833	0.28431496790279087
72.60000000000001	-0.23715797299839073	0.23435368752747923
72.7	-0.20990877673398115	0.17971406149893415
72.8	-0.1808654148125413	0.12148675934319361
72.9	-0.15060917421011527	0.06083739426112124
73.	-0.11974561397160663	-0.001041676284833902
73.10000000000001	-0.08889244726357609	-0.0628946669357471
73.2	-0.05866717769504754	-0.12350107105479512
73.3	-0.02967474328526123	-0.18161463244378961
73.4	-0.0024953960473446017	-0.23608321568135662
73.5	0.02232687442196939	-0.2858667927602821
73.60000000000001	0.04429514421490169	-0.32994303141912495
73.7	0.06296945537957455	-0.36734866781404524
73.8	0.07797809427243386	-0.3965442886375833
73.9	0.0890282289469009	-0.4175763198290211
74.	0.09590879000190367	-0.4313035346171738
74.10000000000001	0.09848091947479498	-0.4399348418576118
74.2	0.09665506497972431	-0.4469655293421388
74.3	0.09035772176929409	-0.4560961490923461
74.4	0.07949508046876866	-0.4703252131838853
74.5	0.06392388151741321	-0.4907834591932775
74.60000000000001	0.043440940470198974	-0.515751050930719
74.7	0.01780073938254669	-0.5403162340216687
74.8	-0.013235460625075196	-0.5567611312916841
74.9	-0.049824560637136334	-0.556270224027115
75.	-0.09195553745314876	-0.5311545751276392
75.10000000000001	-0.13937331926196872	-0.47656001966541833
75.2	-0.19153197102576403	-0.3919546225186025
75.3	-0.24758757301718828	-0.2803085877538855
75.4	-0.3064285017742948	-0.14735906424381565
75.5	-0.3667308258278079	0.0002522645458737906
75.60000000000001	-0.4270236737139203	0.15608075130185411
75.7	-0.48575402793199435	0.3139297249105532
75.8	-0.541348627092287	0.4675423167191497
75.9	-0.5922772757864876	0.6098803000225428
76.	-0.6371228748845125	0.7332695114966026
76.10000000000001	-0.6746578734995684	0.8302037111104745
76.2	-0.7039177819775476	0.8949888995443409
76.3	-0.7242563136332254	0.9253861708416632
76.4	-0.7353686686574539	0.9228545244916383
76.5	-0.7372774966511868	0.8919221627739715
76.60000000000001	-0.7302851844458195	0.8402860606405325
76.7	-0.7148996900639499	0.7771881599727701
76.80000000000001	-0.6917442695664389	0.7115578129450659
76.9	-0.6614694260306551	0.65021506518769
77.	-0.624686165176179	0.596126728475774
77.10000000000001	-0.5819368692508838	0.5475625918289068
77.2	-0.5337122056202376	0.49859019126218423
77.30000000000001	-0.4805090694632796	0.4408580255226742
77.4	-0.42291154187069885	0.36622889833126065
77.5	-0.3616708217799316	0.2688083918490027
77.60000000000001	-0.29776313781109315	0.14630745284932822
77.7	-0.2324117616200283	0.0007796263490829139
77.80000000000001	-0.16706662353263954	-0.1613753970225932
77.9	-0.10334073512790315	-0.32987424278908245
78.	-0.042908037908226886	-0.49162097438391056
78.10000000000001	0.012625698956953889	-0.6326960655792
78.2	0.06186035190342327	-0.7405047385670891
78.30000000000001	0.10372563687303062	-0.8057455230739371
78.4	0.13757464709319217	-0.8226960411075023
78.5	0.16323803704311107	-0.790413083983787
78.60000000000001	0.18103713035448912	-0.7115018070001023
78.7	0.19175390926395908	-0.5940935840962551
78.80000000000001	0.19654980400241492	-0.45257366862510345
78.9	0.19682325637875991	-0.3072974896538626
79.	0.19400668231062648	-0.18246584648511605
79.10000000000001	0.18932955635061008	-0.1003557943623451
79.2	0.18360124338357947	-0.07491830755615113
79.30000000000001	0.17707469951774318	-0.10764574928209031
79.4	0.16943244070104835	-0.18689139981861527
79.5	0.15990038437270612	-0.29094553294531644
79.60000000000001	0.1474604916217778	-0.3932615555332661
79.7	0.1311102143512088	-0.4692522995114024
79.80000000000001	0.11010427830329414	-0.5016340899646562
79.9	0.08412506453038524	-0.4827220413306244
80.	0.05336089856148369	-0.4131877289457177
80.10000000000001	0.018501071370456697	-0.2998549676438223
80.2	-0.019329984627401216	-0.15348332383489524
80.30000000000001	-0.05867966611328275	0.012210600244526009
80.4	-0.0979046334394212	0.18099523755014096
80.5	-0.13533147711512314	0.335648647718962
80.60000000000001	-0.16942689513666925	0.4603885863763619
80.7	-0.19895334473434265	0.5436324425762656
80.80000000000001	-0.22308303042110247	0.579919546891699
80.9	-0.2414519039402817	0.5703771552498591
81.	-0.25414945120061555	0.522017746585674
81.10000000000001	-0.2616495790708611	0.4467902095738147
81.2	-0.2646908557219342	0.3608505792533319
81.30000000000001	-0.2641176413791609	0.282123338613029
81.4	-0.2607035393065213	0.22686309290557385
81.5	-0.2549919682350874	0.20563387776537956
81.60000000000001	-0.247193862294887	0.22010889648301915
81.7	-0.23717099349752344	0.2627408797245822
81.80000000000001	-0.22450917390720287	0.31905946030678534
81.9	-0.20866007897272484	0.37145118937425065
82.	-0.1891135252080791	0.4036063232544045
82.10000000000001	-0.16555763807175494	0.4039891094347637
82.2	-0.13799306734219005	0.36732648800742285
82.30000000000001	-0.10678548602860449	0.29444175394669125
82.4	-0.0726592316398201	0.190666672125772
82.5	-0.03664522692008403	0.06444433442964169
82.60000000000001	3.671091607362984e-6	-0.07323173089349873
82.7	0.03592110456779445	-0.20985475159172504
82.80000000000001	0.06975165203251772	-0.33249876996772454
82.9	0.10027857769239064	-0.42973906822149666
83.	0.1265358975536538	-0.49381564684980256
83.10000000000001	0.14788517954281297	-0.5218484486925571
83.2	0.16404489838098285	-0.5157110358232762
83.30000000000001	0.17507075979128625	-0.4818815623358675
83.4	0.18129304512772487	-0.4299860110323651
83.5	0.1832206618847668	-0.3718589573946103
83.60000000000001	0.18142475897702942	-0.3195424126268397
83.7	0.1764201276432973	-0.2829668428604003
83.80000000000001	0.16856775168671206	-0.2676444849098133
83.9	0.1580212176177812	-0.27318452749736233
84.	0.14473051396044423	-0.29341134023941184
84.10000000000001	0.1285017963842942	-0.31820152721952183
84.2	0.10909697807892622	-0.3359081047607289
84.30000000000001	0.08634759772255664	-0.33629345484802514
84.4	0.06025597374434004	-0.3123425081522784
84.5	0.03106340936238565	-0.26154661355539
84.60000000000001	-0.0007232467998428024	-0.18523420446825245
84.7	-0.03434474009812995	-0.08802614093622316
84.80000000000001	-0.06883496813157886	0.022971341007673063
84.9	-0.10309130757417034	0.13891246954530242
85.	-0.13596274779102693	0.24991280414282582
85.10000000000001	-0.16634723337882498	0.3464539717208188
85.2	-0.1932858658007194	0.42077156241307634
85.30000000000001	-0.21603926742787818	0.468225286929548
85.4	-0.23413375868149824	0.48781060483249356
85.5	-0.2473713590585535	0.4820740394568327
85.60000000000001	-0.25580466544126973	0.45657001094964533
85.7	-0.259682528488973	0.41881606348492684
85.80000000000001	-0.25937531431341104	0.3773298135960289
85.9	-0.2552911782857088	0.34008554322253187
86.	-0.2477976299472164	0.31295343687035604
86.10000000000001	-0.23716390622689285	0.2983949551245475
86.2	-0.22353681017404956	0.2949297180684962
86.30000000000001	-0.20695530353090918	0.2975239105742153
86.4	-0.18739946739112195	0.2990082790581759
86.5	-0.1648608683586001	0.29180103536801083
86.60000000000001	-0.13941682489283408	0.26966080312715807
86.7	-0.11129182985348764	0.22884630170666123
86.80000000000001	-0.08089470318383105	0.1685151801080506
86.9	-0.0488270752315253	0.0906160672438837
87.	-0.015864435322968547	-0.0006007200704027742
87.10000000000001	0.01708614407079303	-0.09903570964269783
87.2	0.04904639764794699	-0.19742328793341518
87.30000000000001	0.07903888471708985	-0.2881773612980645
87.4	0.10616198611635329	-0.3644289161498567
87.5	0.1296573538039588	-0.4211436933781297
87.60000000000001	0.14895963174435728	-0.45589339181120514
87.7	0.16372148115407997	-0.4687567347950201
87.80000000000001	0.17381175665804469	-0.46250162921573157
87.9	0.1792891087263679	-0.44172837255567704
88.	0.18035641303658234	-0.4122278598396684
88.10000000000001	0.177303630200345	-0.3800188080489509
88.2	0.17044856240135386	-0.35023975908287697
88.30000000000001	0.1600861291948401	-0.3262103765151418
88.4	0.14645605421084595	-0.3086641950490461
88.5	0.12973541361583588	-0.295736623057535
88.60000000000001	0.11005677730279784	-0.2835186460902005
88.7	0.08754648721663354	-0.26707268888690033
88.80000000000001	0.06237297615464067	-0.24165212303692166
88.9	0.03479342910388755	-0.20370956797405892
89.	0.005188665455963824	-0.15153181824404
89.10000000000001	-0.025920030708177708	-0.08552924676448158
89.2	-0.05787452567511962	-0.008012592221024782
89.30000000000001	-0.08990295078681106	0.07699627885127844
89.4	-0.1211594795214027	0.1642732703530578
89.5	-0.15077627247106573	0.24793531798927546
89.60000000000001	-0.17792142594048754	0.3222988475985931
89.7	-0.20185529945231317	0.3826297926962443
89.80000000000001	-0.22197730526085702	0.42579009080894953
89.9	-0.23785672549267603	0.45066781476700457
90.	-0.2492440609485023	0.4581019170013213
90.10000000000001	-0.25606277229247937	0.4506532327285664
90.2	-0.25838414451145825	0.43210141841328886
90.30000000000001	-0.25639009112252314	0.40677934193907866
90.4	-0.25033035810726256	0.3788492645861071
90.5	-0.24048155624113926	0.35153113457821294
90.60000000000001	-0.22711543676673265	0.32651701003483447
90.7	-0.21048221885822402	0.30370447642815734
90.80000000000001	-0.19081153491417135	0.2813337257685001
90.9	-0.16832946555774106	0.2565563752498495
91.	-0.14328643435482705	0.22617702552303226
91.10000000000001	-0.1159885495364086	0.1874271748438872
91.2	-0.08682481465500001	0.13855598882571482
91.30000000000001	-0.05628420891182551	0.07922895717886531
91.4	-0.024959050977876998	0.010609501644424806
91.5	0.0064664839412044	-0.06476887473967712
91.60000000000001	0.03724177954597204	-0.1431721781415351
91.7	0.06658650279955779	-0.22017857168456778
91.80000000000001	0.09373445709802158	-0.29117725600514355
91.9	0.11797909853080703	-0.3520331027771207
92.	0.1387146994576429	-0.39951015511418647
92.10000000000001	0.1554677275220409	-0.43190883246506956
92.2	0.16791469106455953	-0.4488539406029393
92.30000000000001	0.17588503180752485	-0.45153697506069024
92.4	0.17934993629776527	-0.4422418431886782
92.5	0.17839987172888083	-0.42395433092033863
92.60000000000001	0.17321510213053795	-0.39984207413910744
92.7	0.16403440250388154	-0.3727114293451039
92.80000000000001	0.15112744999041833	-0.34450250294797014
92.9	0.13477565919971873	-0.3160018218466821
93.	0.11526440326575965	-0.2867883200219886
93.10000000000001	0.0928869698669898	-0.2554995482744067
93.2	0.06795791819197454	-0.22022328618808854
93.30000000000001	0.040831516921115474	-0.17910033195848923
93.4	0.011920087397073202	-0.1307636366988771
93.5	-0.0182925432972723	-0.07469196020911543
93.60000000000001	-0.049246054406149584	-0.011417350232615116
93.7	-0.08030908400688899	0.057415087191088225
93.80000000000001	-0.11079546851446817	0.12920625742253225
93.9	-0.13999007477185352	0.2006365689846041
94.	-0.16718163625767476	0.2680662059198861
94.10000000000001	-0.1916988171011813	0.3279705450982093
94.2	-0.21294505861843074	0.3773947565102849
94.30000000000001	-0.23042783794195582	0.4142901110324999
94.4	-0.2437788891784797	0.4377531655846393
94.5	-0.25276341579535067	0.4479755489055593
94.60000000000001	-0.25727807141982695	0.44620528170026097
94.7	-0.2573390681495104	0.434346620129695
94.80000000000001	-0.2530630659125447	0.4147190938856383
94.9	-0.24464443233129965	0.3896004872640478
95.	-0.23233285328292277	0.36082934301862674
95.10000000000001	-0.2164150236559498	0.3295772140632352
95.2	-0.1972031568667823	0.2961899352942476
95.30000000000001	-0.17503144518197947	0.2602778199208032
95.4	-0.15025976002341107	0.2209525074791957
95.5	-0.123282294146267	0.17714196832255769
95.60000000000001	-0.0945378775557461	0.12797941750208225
95.7	-0.06451849438003764	0.07306676357427527
95.80000000000001	-0.033773007211136866	0.012715309802971178
95.9	-0.0029040054188769664	-0.05197294754776651
96.	0.027443172996951353	-0.1191353174872478
96.10000000000001	0.0565989986261271	-0.18627656006947868
96.2	0.08389445022319868	-0.25054287666206254
96.30000000000001	0.10868939666466437	-0.3090062274201567
96.4	0.13040148262702406	-0.3590060559205612
96.5	0.14853215489254049	-0.39856812439511224
96.60000000000001	0.1626868682903018	-0.426426765532784
96.7	0.17258744674356663	-0.4421914422652466
96.80000000000001	0.1780757696318635	-0.4463613034151205
96.9	0.17910920716778023	-0.44006835742667105
97.	0.17574932725290326	-0.42491672373529754
97.10000000000001	0.16814622563938098	-0.4026350068290045
97.2	0.15652130433303646	-0.37486687755605086
97.30000000000001	0.14115132080895373	-0.34283094922037266
97.4	0.12235602326406776	-0.3072762003873052
97.5	0.10049074901597502	-0.2684225950031983
97.60000000000001	0.07594409876672242	-0.22609364945829352
97.7	0.049139658879661506	-0.17988623291673758
97.80000000000001	0.02053985348482442	-0.12941676104892277
97.9	-0.009350391842355756	-0.07452132475322047
98.	-0.03998243251110846	-0.015521182210988811
98.10000000000001	-0.07076695454234416	0.04674805181302861
98.2	-0.10108240538078635	0.11088297809936815
98.30000000000001	-0.13028905893018264	0.17495610544841875
98.4	-0.157748061963356	0.2367001018301414
98.5	-0.18284394537908663	0.2937515883719926
98.60000000000001	-0.2050084210902912	0.34373577780726167
98.7	-0.22374297024967704	0.3848497882593673
98.80000000000001	-0.2386378254337168	0.4156483545253074
98.9	-0.24938548660767385	0.4354534201792097
99.	-0.2557877088571438	0.4442821926065465
99.10000000000001	-0.2577558166290184	0.4426605098989288
99.2	-0.25530509265470763	0.4316560004421575
99.30000000000001	-0.24854469144679622	0.41249528457583134
99.4	-0.23766500978206637	0.38654026469846114
99.5	-0.22292458887399855	0.3549654788094529
99.60000000000001	-0.2046384020357934	0.3186807391582581
99.7	-0.18316883951914767	0.27828006144609846
99.80000000000001	-0.15891990115230692	0.2339772053245705
99.9	-0.13233432194105346	0.185928260079355
100.	-0.10389261990242808	0.13413317688674248
100.10000000000001	-0.07411261139380788	0.07874139142160094
100.2	-0.04354784986199153	0.020156466995125633
100.30000000000001	-0.012783561860975545	-0.04087141468592073
100.4	0.01757094278952204	-0.10318085454155584
100.5	0.04689384424827829	-0.16523260677104862
100.60000000000001	0.07456617521408744	-0.2251814014875887
100.7	0.0999901036421017	-0.2810456558471145
100.80000000000001	0.12260869337882953	-0.33084286747164365
100.9	0.14192535323656064	-0.3728568041928072
101.	0.1575211224024802	-0.4056926215913001
101.10000000000001	0.16906820498590233	-0.4285370114735355
101.2	0.17633865423849537	-0.4409797744982346
101.30000000000001	0.17920778835655105	-0.44324702653692727
101.4	0.17765255887852135	-0.4358924132898555
101.5	0.17174571064523655	-0.41982491957289975
101.60000000000001	0.1616469785225124	-0.3961003017686918
101.7	0.14759279735253503	-0.36573524611554714
101.80000000000001	0.12988594389304006	-0.3297022728834899
101.9	0.10888624633286116	-0.28871891200162914
102.	0.08500302316446226	-0.24337898897300528
102.10000000000001	0.05868934266531396	-0.19408783114317496
102.2	0.03043770694672739	-0.1412303719944447
102.30000000000001	0.0007763397416221209	-0.08520604806883561
102.4	-0.02973492017533705	-0.026553832455870816
102.5	-0.06051012165525177	0.033971084394320186
102.60000000000001	-0.09094491938839276	0.09531375724027565
102.7	-0.12042698782325191	0.15616098827742936
102.80000000000001	-0.14834916395736808	0.21495657712230776
102.9	-0.17412485617946277	0.2700242039022325
103.	-0.1972047970655125	0.31966023718338876
103.10000000000001	-0.21709389719066421	0.36234062030286923
103.2	-0.23336678619504525	0.39673900649766747
103.30000000000001	-0.2456807972285653	0.4217481061501564
103.4	-0.2537853741393056	0.437085990002422
103.5	-0.25752733292411195	0.4425521319116195
103.60000000000001	-0.25685192224462905	0.4383883686157326
103.7	-0.2518000975949124	0.4252391605722784
103.80000000000001	-0.24250276496645243	0.4038546608111138
103.9	-0.22917299463384183	0.3751377664021477
104.	-0.2120972651763074	0.3399649110632095
104.10000000000001	-0.19162658605173724	0.2991634292082242
104.2	-0.1681683307546179	0.25347762049437467
104.30000000000001	-0.14217884548956186	0.20351602704460964
104.4	-0.11415693047692621	0.14997137791460635
104.5	-0.08463777650366466	0.09338448991653876
104.60000000000001	-0.05418677875784127	0.03444704338640206
104.7	-0.023392564293104223	-0.02598860410660692
104.80000000000001	0.007141321462064245	-0.08692868329733215
104.9	0.036806484847281454	-0.14717880263176217
105.	0.06500162811531711	-0.20535455083918758
105.10000000000001	0.09114612773725544	-0.26000745106746387
105.2	0.11469467654728963	-0.30963664383633316
105.30000000000001	0.13515212825545864	-0.3528417819614457
105.4	0.15208753302560724	-0.38836755745484625
105.5	0.1651463524990361	-0.4152905147210205
105.60000000000001	0.17405999838275685	-0.43296241112105033
105.7	0.17865213122814239	-0.44106038646461415
105.80000000000001	0.17884149036632316	-0.43971417500200843
105.9	0.17464138213862548	-0.42920855263194463
106.	0.1661562630428803	-0.41017082565407437
106.10000000000001	0.15357605227090132	-0.38326007177534105
106.2	0.1371689261446695	-0.3493558074834359
106.30000000000001	0.11727329423709826	-0.3092737223908775
106.4	0.09428954893629757	-0.2637629078269236
106.5	0.06867195264966841	-0.21367468695327535
106.60000000000001	0.04092078809697807	-0.1597473921342439
106.7	0.011574680091388435	-0.10276483667094041
106.80000000000001	-0.01879718036729089	-0.043534031393266504
106.9	-0.0496032767957024	0.01702634843393097
107.	-0.08023883814134142	0.07790660392673188
107.10000000000001	-0.1100960199708762	0.1379632599317919
107.2	-0.13857530763582876	0.1959504747544561
107.30000000000001	-0.16509802812465443	0.2505062191950668
107.4	-0.18911959650635748	0.3003191217011551
107.5	-0.2101429173194379	0.3440954744559739
107.60000000000001	-0.22773120276577916	0.3806771149812141
107.7	-0.24151943598167064	0.409138061667538
107.80000000000001	-0.25122377595029544	0.4287379653969445
107.9	-0.2566483980746317	0.43903943136662316
108.	-0.2576893717288433	0.4402199374085017
108.10000000000001	-0.25433578314002203	0.4321494360760606
108.2	-0.2466680190717917	0.4152948353859792
108.30000000000001	-0.2348537830412697	0.39039446677212103
108.4	-0.21914226760065447	0.35789920718726925
108.5	-0.19985708857626036	0.3188597059863736
108.60000000000001	-0.17738836144660042	0.2739252380881893
108.7	-0.15218438223124148	0.22407999145184912
108.80000000000001	-0.12474306528361317	0.17011022555657762
108.9	-0.09560325882980727	0.11295305497993871
109.	-0.06533584100424544	0.05351021896918439
109.10000000000001	-0.034534468531555965	-0.007246095002129933
109.2	-0.0038057766155934762	-0.06825462080323015
109.30000000000001	0.02624112186723248	-0.12838362293699615
109.4	0.05500590399410047	-0.18643928214862926
109.5	0.08190899381279529	-0.24119237142281355
109.60000000000001	0.10640395969212316	-0.2914024278532709
109.7	0.1279899405527536	-0.3357991400948803
109.80000000000001	0.14622356938466738	-0.3733657980655565
109.9	0.16072980483121962	-0.4031841226248576
110.	0.17121110386783436	-0.42454602173216344
110.10000000000001	0.17745448536629832	-0.4369591809311589
110.2	0.17933616658456653	-0.44016761926031134
110.30000000000001	0.17682365890568505	-0.4343003516183321
110.4	0.16997537216173594	-0.41960384985393717
110.5	0.15893795252112908	-0.39656224632098785
110.60000000000001	0.1439416669656654	-0.36570677029219645
110.7	0.12529421984515712	-0.3278691078520225
110.80000000000001	0.10337338225394002	-0.283825835725348
110.9	0.07861876053741554	-0.23448082684993857
111.	0.051522971205450144	-0.1807656313879663
111.10000000000001	0.022622379266558232	-0.12363370354901555
111.2	-0.007512532959035673	-0.06408718754718842
111.30000000000001	-0.03828716361002454	-0.003162025952567133
111.4	-0.06909320583487423	0.058050992644464956
111.5	-0.09931953729147792	0.11842552257074256
111.60000000000001	-0.1283635418764139	0.17674554332170478
111.7	-0.15564287522256598	0.2318710195252295
111.80000000000001	-0.18060738409945154	0.2825548592946375
111.9	-0.20275092645667087	0.32772005236152346
112.	-0.2216226898738895	0.36630513544836735
112.10000000000001	-0.23683755317012037	0.39744360230479747
112.2	-0.24808504223358918	0.4203496217087956
112.30000000000001	-0.2551364888172507	0.4345327179552101
112.4	-0.25785010231010713	0.4397376168238197
112.5	-0.2561737904858753	0.43591544992675907
112.60000000000001	-0.25014570163931543	0.42319915997000623
112.7	-0.23989258792585644	0.40197226763148397
112.80000000000001	-0.22562617544023558	0.37279104134740043
112.9	-0.20763780747675764	0.3363116125997274
113.	-0.186291667688385	0.29335002108889213
113.10000000000001	-0.16201683808043305	0.24474310551754763
113.2	-0.13529847461780775	0.19147996058315897
113.30000000000001	-0.10666829196342911	0.13457358690594112
113.4	-0.07669450793342551	0.0750648257302315
113.5	-0.04597134228675386	0.014036827335699555
113.60000000000001	-0.015108127644261383	-0.0473775694210041
113.7	0.015281925054122682	-0.10803901719468792
113.80000000000001	0.044593248640331505	-0.16674603171259228
113.9	0.07223963394755893	-0.22237692512587431
114.	0.09766594172735796	-0.2736997450531624
114.10000000000001	0.12035961401932409	-0.31969397756364076
114.2	0.1398616060635984	-0.35931984699067204
114.30000000000001	0.1557764525056672	-0.3917335901427238
114.4	0.16778104915526207	-0.4160874118169252
114.5	0.17563187333109723	-0.4319576219346688
114.60000000000001	0.1791703534936233	-0.43900573489478023
114.7	0.17832618510295017	-0.4371157609529053
114.80000000000001	0.1731185677121503	-0.4262664588573474
114.9	0.16365535827846237	-0.4068596467179627
115.	0.1501302439820955	-0.3793318273605907
115.10000000000001	0.13281811989519504	-0.3442663123818706
115.2	0.11206889019686915	-0.3024597565645475
115.30000000000001	0.08829990590383603	-0.25476815135800357
115.4	0.06198731010273381	-0.20214902795428835
115.5	0.03365650006730378	-0.14562425740612817
115.60000000000001	0.003871822595714993	-0.0862716587688662
115.7	-0.026774157174737186	-0.025218510483825975
115.80000000000001	-0.057671933749211486	0.036369699067384346
115.9	-0.0882065444732084	0.09733758689778668
116.	-0.1177693204269616	0.15648787823658264
116.10000000000001	-0.14576966320160267	0.21267126957724783
116.2	-0.17164672163533357	0.2647517502069797
116.30000000000001	-0.19488075225840185	0.3116516363721314
116.4	-0.2150038615519252	0.35230687150834566
116.5	-0.23160991689490387	0.38592132486460323
116.60000000000001	-0.24436326976341038	0.41174893861613115
116.7	-0.2530060032258096	0.42927175670232665
116.80000000000001	-0.2573635127150362	0.43801075890744817
116.9	-0.257348224403261	0.43789355896300863
117.	-0.25296134528791553	0.42890113533138613
117.10000000000001	-0.24429263444173438	0.41125537135720147
117.2	-0.23151823320085035	0.3853513588976883
117.30000000000001	-0.21489667277393334	0.35174639622202886
117.4	-0.19476321134974353	0.3112344561453838
117.5	-0.17152269360082464	0.2645307083690362
117.60000000000001	-0.14564115521324386	0.21266527122308473
117.7	-0.11763637188426675	0.1566629074848933
117.80000000000001	-0.08806756633331884	0.097586447126021
117.9	-0.05752446431288836	0.03661261089093052
118.	-0.02661587346308797	-0.02510295977667516
118.10000000000001	0.0040420620836420056	-0.08635964830287081
118.2	0.033837767264264206	-0.14596188971544585
118.30000000000001	0.06217613693208704	-0.2027768575976746
118.4	0.08849024874820778	-0.2555871176096311
118.5	0.11225273047652795	-0.30338171538371367
118.60000000000001	0.13298645357369296	-0.3451494897814386
118.7	0.15027437401774119	-0.38004525403951506
118.80000000000001	0.1637682522587857	-0.4073052259668949
118.9	0.1731959989849819	-0.42632114819959016
119.	0.17836744631387455	-0.43681239847763353
119.10000000000001	0.17917836322097727	-0.4383961747400016
119.2	0.17561263236908178	-0.43114038939739224
119.30000000000001	0.16774251435082022	-0.41525768934793544
119.4	0.15572701493270769	-0.39095846660220307
119.5	0.13980843857005237	-0.358847705374723
119.60000000000001	0.12030721780011278	-0.3196092737139699
119.7	0.09761519143469949	-0.27400985664718386
119.80000000000001	0.07218751433362329	-0.22300496829362584
119.9	0.044533393303364394	-0.16762000198708935
120.	0.0152058645905205	-0.10892756102953612
120.10000000000001	-0.015209184201668325	-0.048125884393829574
120.2	-0.046104517917856504	0.01368012514184272
120.30000000000001	-0.07686341884480766	0.07516859618808744
120.4	-0.10687181008987959	0.13523255490004443
120.5	-0.13553022832028472	0.1926131769601673
120.60000000000001	-0.1622656538605283	0.24622001309485153
120.7	-0.18654290637723173	0.2949689337401936
120.80000000000001	-0.20787539686959763	0.33784395699553876
120.9	-0.22583501044864943	0.3739879563336468
121.	-0.24006088451954552	0.40268081686691926
121.10000000000001	-0.2502668751903575	0.42323332292519283
121.2	-0.25624751626832903	0.43533378922977245
121.30000000000001	-0.2578823568269248	0.4384033287728476
121.4	-0.25513835011790015	0.43305272425711533
121.5	-0.24807064739355988	0.41883063580803637
121.60000000000001	-0.23682146922249916	0.3961892684937871
121.7	-0.22161702779043752	0.3656084100835823
121.80000000000001	-0.20276284101000816	0.3276775545067989
121.9	-0.18063741678198403	0.28321184006866695
122.	-0.15568446979615874	0.233135798227941
122.10000000000001	-0.12840390866096457	0.17845742447242519
122.2	-0.0993417532992146	0.12023509755591756
122.30000000000001	-0.06907921937610849	0.059646716205343356
122.4	-0.038221174396161815	-0.002109431535129753
122.5	-0.0073841839561178775	-0.06382018364914083
122.60000000000001	0.02281564078492347	-0.12427498959488616
122.7	0.0517747959517363	-0.18228522127959476
122.80000000000001	0.07891428907935517	-0.23666857026892868
122.9	0.10369116452987866	-0.2863594935127499
123.	0.12560933937875154	-0.330332684052819
123.10000000000001	0.14422957593047023	-0.36775778969034534
123.2	0.15917838367427956	-0.3978092051736266
123.30000000000001	0.17015563957854912	-0.41993076893814674
123.4	0.1769407472378499	-0.43358634247320166
123.5	0.17939719475695326	-0.4385776432433783
123.60000000000001	0.17747539561853148	-0.43479619401359293
123.7	0.17121372910454286	-0.4221386805130093
123.80000000000001	0.16073778304803413	-0.40104242253833655
123.9	0.14625778118523766	-0.371998914506051
124.	0.12806425967582696	-0.3353989404161255
124.10000000000001	0.1065221507617355	-0.2921576117681347
124.2	0.08206331932784401	-0.24306814246245434
124.30000000000001	0.055177811945605115	-0.18914090366616795
124.4	0.02640396115852215	-0.131466500158703
124.5	-0.0036824213996472606	-0.07118960922645588
124.60000000000001	-0.034479545803807195	-0.009502696808228918
124.7	-0.0653716148560601	0.05235161839804423
124.80000000000001	-0.0957410459476266	0.11317887301208811
124.9	-0.1249806960008876	0.1717339918672761
125.	-0.15250589517040225	0.22687378454802318
125.10000000000001	-0.17776609139007699	0.2775231853221191
125.2	-0.2002557922191276	0.32262002389785344
125.30000000000001	-0.2195246913940926	0.361285290297732
125.4	-0.23518672220742728	0.392735217894417
125.5	-0.24692785897044106	0.41634167244294024
125.60000000000001	-0.25451255330253836	0.43148222046241297
125.7	-0.2577883785807474	0.43819166184502467
125.80000000000001	-0.25668928375746647	0.43604239802696215
125.9	-0.2512370832531299	0.42508997868336823
126.	-0.24154089727616965	0.40568698961725785
126.10000000000001	-0.22779500427318902	0.3780266617575363
126.2	-0.2102749216434563	0.34286313600361956
126.30000000000001	-0.18933180712859765	0.30082633339940446
126.4	-0.16538535195347895	0.2527716212551284
126.5	-0.13891528526585856	0.1996981115165698
126.60000000000001	-0.11045169489976925	0.14261029374289094
126.7	-0.08056437534033457	0.08270148541806278
126.80000000000001	-0.04985140641351548	0.021158064862321767
126.9	-0.018927205146039003	-0.040796344668666405
127.	0.01158971312886943	-0.1019227277844819
127.10000000000001	0.04108904064881517	-0.16102249860987522
127.2	0.06898080934432636	-0.21689582340519908
127.30000000000001	0.09470712905463856	-0.2684566924750562
127.4	0.11775329872388135	-0.3146767825158019
127.5	0.1376580826017882	-0.3545830195109576
127.60000000000001	0.15402294565989336	-0.3874127136224726
127.7	0.16652005993499067	-0.4125046872191735
127.80000000000001	0.17489891613237457	-0.4293513108428548
127.9	0.17899140202453087	-0.4375977579090191
128.	0.17871523352017452	-0.4370687960275869
128.1	0.1740756590249101	-0.42778367785923205
128.20000000000002	0.16516539725015797	-0.40991428836977795
128.3	0.15216279501384977	-0.383773907851666
128.4	0.13532828259947338	-0.3500394525984
128.5	0.11499906966199634	-0.30925902416805784
128.6	0.09158239178059269	-0.262265385665352
128.70000000000002	0.06554728423288905	-0.2100561447823032
128.8	0.03741511973154097	-0.15365163289022132
128.9	0.007749136224434152	-0.09415017230243419
129.	-0.02285686459754091	-0.03280554703208343
129.1	-0.053790412701451844	0.02918523917156347
129.20000000000002	-0.08443260538206734	0.09058532689129865
129.3	-0.11417045218003782	0.1501784702381615
129.4	-0.14240909199799823	0.20674577642538464
129.5	-0.16858364551153004	0.25920053935746024
129.6	-0.1921704721995949	0.3064942429987619
129.70000000000002	-0.2126976171554077	0.3476352094964167
129.8	-0.22975427127249828	0.3816450551292875
129.9	-0.24299889003913192	0.4084098301115525
130.	-0.2521661774719708	0.4268102861927505
130.1	-0.2570723898917767	0.4366631414605288
130.20000000000002	-0.2576190368911476	0.4377842522732968
130.3	-0.2537949191242456	0.43014374741007816
130.4	-0.24567638658286167	0.41391348127696537
130.5	-0.2334258422363552	0.3893198438619039
130.6	-0.2172885061606167	0.3569605119837441
130.70000000000002	-0.19758749688078334	0.3174573261813711
130.8	-0.17471733756324195	0.271565465292948
130.9	-0.14913603806139789	0.2201709930105452
131.	-0.12135582346621109	0.1645503946366676
131.1	-0.09193290817961863	0.1055379948583313
131.20000000000002	-0.061456284180598286	0.04445889555946306
131.3	-0.03053596513763457	-0.017534335638461043
131.4	0.00020927227661520767	-0.07915432886855814
131.5	0.030164255382002243	-0.1392028660782555
131.6	0.05872966382018928	-0.19640437521096568
131.70000000000002	0.08533402052010143	-0.24977815428759229
131.8	0.10944506232533785	-0.29804084549573573
131.9	0.13058038368877337	-0.3404036841123362
132.	0.14831704797643672	-0.3759678637299408
132.1	0.16230005550111112	-0.40401758370997637
132.20000000000002	0.17224944390676158	-0.42396868921677133
132.3	0.17796591533426812	-0.4355167914299957
132.4	0.1793348424178514	-0.438221371132177
132.5	0.17632861340222286	-0.4322431805145509
132.6	0.16900720555439963	-0.41758171994042104
132.70000000000002	0.15751702676056842	-0.3945419846979919
132.8	0.14208799790342455	-0.3636895614939396
132.9	0.12302895111181396	-0.325397300986561
133.	0.10072146533764453	-0.2806345768678658
133.1	0.07561221081375626	-0.23029187596086806
133.20000000000002	0.04820392060538351	-0.1753235128950741
133.3	0.019045335749871394	-0.11684399208826325
133.4	-0.011279809678914612	-0.05605201517841893
133.5	-0.04216449878580501	0.005870159432647885
133.6	-0.07299059126363681	0.06766038619205335
133.70000000000002	-0.10314119379059752	0.12809480577592297
133.8	-0.13201299327703114	0.1859572720909292
133.9	-0.15902831421750774	0.24010498179690526
134.	-0.18364665010939735	0.2894698778922252
134.1	-0.20537540948757638	0.3330537515607109
134.20000000000002	-0.2237797895197726	0.3699094706427202
134.3	-0.23849151708413083	0.39937172326775366
134.4	-0.24921611853221076	0.42087999345396615
134.5	-0.2557388585318048	0.4339759099687952
134.6	-0.2579290487634374	0.43838817940903807
134.70000000000002	-0.25574268760130997	0.4340429270876468
134.8	-0.24922336603883663	0.4209486315797249
134.9	-0.2385014322938282	0.39946752151202275
135.	-0.22379139751871294	0.3699971767890952
135.1	-0.2053876559623669	0.3330794012032474
135.20000000000002	-0.18365859268206136	0.2894837443927397
135.3	-0.15903919766849692	0.24012474603050116
135.4	-0.13202236019736202	0.18598785029862044
135.5	-0.1031489914067005	0.1280616116897321
135.6	-0.07299709358810573	0.06761033689675651
135.70000000000002	-0.042170230871755324	0.005803488147419725
135.8	-0.011285428950233767	-0.05611505383248702
135.9	0.019039184647587762	-0.11689607429201848
136.	0.04819675067176716	-0.17534512888495743
136.1	0.0756038121156029	-0.23028751881494872
136.20000000000002	0.100711966206175	-0.2806185706872687
136.3	0.12301881966719595	-0.3252882516596593
136.4	0.14207804082262934	-0.36350307255621295
136.5	0.15750823237493994	-0.39448420368981485
136.6	0.16900057674588184	-0.4174569907452295
136.70000000000002	0.17632504190595044	-0.4321728256435356
136.8	0.17933494581996035	-0.43824428933079695
136.9	0.17796992669097042	-0.4354683752884076
137.	0.17225717667754722	-0.4240761663403647
137.1	0.16231090635467926	-0.40412141587998934
137.20000000000002	0.14833009315355883	-0.37612394227078316
137.3	0.13059450762990954	-0.34055067491381985
137.4	0.10945912347518627	-0.2981680026028423
137.5	0.08534700868181778	-0.24983572561061315
137.6	0.05874084742325399	-0.19646791448002693
137.70000000000002	0.030173261108377075	-0.13918315499663822
137.8	0.00021614848785101023	-0.07912112409702775
137.9	-0.030530852994794955	-0.017464386385110383
138.	-0.06145228705427044	0.04454564597757165
138.1	-0.0919292498263791	0.10565708717695615
138.20000000000002	-0.12135178978268596	0.1645892312359127
138.3	-0.14913109526200846	0.22025336829252512
138.4	-0.17471128567983032	0.271613617684657
138.5	-0.19758049363003236	0.31744186155495735
138.6	-0.217281107860859	0.3569340401227938
138.70000000000002	-0.23341891120877536	0.38925058743143554
138.8	-0.24567095834581154	0.41381013636966446
138.9	-0.25379202940417667	0.4300640964415834
139.	-0.2576195436292026	0.4377617677222064
139.1	-0.2570768153822959	0.436699205540553
139.20000000000002	-0.2521746062937951	0.42684506615301904
139.3	-0.24301092966380156	0.4084884849638534
139.4	-0.22976910326219435	0.3819632564641307
139.5	-0.21271409471085778	0.3477584260344537
139.6	-0.19218723261029405	0.3066028150726608
139.70000000000002	-0.16859937250178528	0.2593201793929929
139.8	-0.14242267258348393	0.2068625677236533
139.9	-0.1141811202099985	0.1501911077857687
140.	-0.08444005307551761	0.09056344649087257
140.1	-0.0537948056098542	0.02912423062462042
140.20000000000002	-0.02285879234916557	-0.0328999527763955
140.3	0.007748786416416542	-0.09425414193604563
140.4	0.03741533815442712	-0.15372755484660422
140.5	0.06554714605548373	-0.21011549294382284
140.6	0.09158124663567288	-0.2623145906624113
140.70000000000002	0.11499662482278605	-0.3092041138217196
140.8	0.13532474077819323	-0.3499754850192608
140.9	0.15215880674240456	-0.3837214587620416
141.	0.16516194895694702	-0.40979942770161354
141.1	0.17407393689469566	-0.42767388787737187
141.20000000000002	0.17871638714029145	-0.4369659338583499
141.3	0.17899633665460282	-0.43753562531652684
141.4	0.17490811052778873	-0.42935577996164853
141.5	0.16653345170952585	-0.41258668044593144
141.6	0.1540398983848157	-0.3875619590422603
141.70000000000002	0.1376774438957341	-0.3547441759627555
141.8	0.11777354234579386	-0.3148286375116532
141.9	0.09472655959445385	-0.26862039210199035
142.	0.0689978008837068	-0.21704341152324486
142.1	0.04110226932743746	-0.16109311723942618
142.20000000000002	0.011598346425188021	-0.10194805677299021
142.3	-0.01892339214275747	-0.04075882224396011
142.4	-0.04985201061245351	0.02125430751574917
142.5	-0.0805684486850485	0.08282972296744445
142.6	-0.11045792185426904	0.14275478628131213
142.70000000000002	-0.13892222219578673	0.19980993903897376
142.8	-0.16539169374254906	0.25286378690343575
142.9	-0.18933662327780176	0.30086767329685704
143.	-0.2102778317255116	0.3428409460975037
143.1	-0.22779625683590962	0.37796843129932434
143.20000000000002	-0.2415413257793507	0.4055363372651949
143.3	-0.251237966322037	0.42495235315174545
143.4	-0.2566921068689269	0.4358915846329519
143.5	-0.25779462411739745	0.43800527829468755
143.6	-0.2545232811727406	0.4315259028435656
143.70000000000002	-0.24694355700717893	0.41635960389485394
143.8	-0.2352070670706809	0.3929047413953626
143.9	-0.21954867453570026	0.3614340697639777
144.	-0.20028174651677466	0.3228549290737934
144.1	-0.17779188349937725	0.2777331270160008
144.20000000000002	-0.15252922544398664	0.22708807777599913
144.3	-0.1249994240609369	0.17189892945237556
144.4	-0.09575352265127111	0.11326473887084078
144.5	-0.06537691476370087	0.052360452718369026
144.6	-0.0344776239819397	-0.009594071083532055
144.70000000000002	-0.003674122684619788	-0.07134747403448032
144.8	0.026417065379741242	-0.13164849369432946
144.9	0.05519369124200343	-0.18934310056823486
145.	0.08207980311568942	-0.24324233095715456
145.1	0.10653731326299365	-0.2922744252640644
145.20000000000002	0.12807679485571616	-0.3354960403921223
145.3	0.14626719280688497	-0.37191295677931363
145.4	0.16074448382440495	-0.4009532776060094
145.5	0.17121894106585162	-0.42197477086820084
145.6	0.17748093106182347	-0.43449024453327756
145.70000000000002	0.1794051126487828	-0.43836786537844785
145.8	0.17695294341075643	-0.43345978190379103
145.9	0.17017345895478328	-0.41985763813947724
146.	0.15920230116368636	-0.3978777848992926
146.1	0.1442590082017825	-0.3679309553655838
146.20000000000002	0.12564262802744036	-0.3306094149382158
146.3	0.10372578250433147	-0.2865615997505826
146.4	0.07894708752349516	-0.2369692316303214
146.5	0.051802459767397245	-0.1825525839439625
146.6	0.022835246723677545	-0.12448213430377764
146.70000000000002	-0.007374737402301011	-0.06389977476662402
146.8	-0.03822280603277282	-0.0020696922314168194
146.9	-0.06909153255857249	0.05983105862337951
147.	-0.09936307030677273	0.12054018486332298
147.1	-0.12843154326507233	0.17878829749621986
147.20000000000002	-0.15571517911913577	0.2335495659297909
147.3	-0.1806679261660471	0.2834880125973079
147.4	-0.20279041113465363	0.32779238792968474
147.5	-0.22163990694074306	0.36560078439494587
147.6	-0.23683918676025295	0.3961273370869063
147.70000000000002	-0.24808405860877894	0.41859642048786405
147.8	-0.25514949244271545	0.432829841343897
147.9	-0.2578940654635801	0.43828443159986236
148.	-0.25626282863065925	0.4350163535691509
148.1	-0.2502884045709483	0.42311184520658623
148.20000000000002	-0.24009032952172057	0.40266009750978815
148.3	-0.22587268060181426	0.37415844131093207
148.4	-0.20791998821200022	0.33816684655668705
148.5	-0.18659154873426123	0.295371042541704
148.6	-0.16231423597374	0.246700556638071
148.70000000000002	-0.1355739577341412	0.19309145196393174
148.8	-0.10690592602606333	0.13561822976317622
148.9	-0.07688394340319812	0.07542862943475165
149.	-0.04610892066273422	0.013729559842396134
149.1	-0.015196826948654122	-0.048241579805512545
149.20000000000002	0.015233631527082596	-0.10924709771783507
149.3	0.04457339349120457	-0.16806572826478264
149.4	0.0722352354594502	-0.223510769193225
149.5	0.09766554739794087	-0.2745074565275932
149.6	0.12035537317953764	-0.31997100000688405
149.70000000000002	0.13985062210495805	-0.35906909198771714
149.8	0.15576113342633863	-0.39099418356000964
149.9	0.167768486626119	-0.4150410539988585
150.	0.1756323794256773	-0.43082957613436407